# Figshare category ids that can actually be ASSIGNED to an article.
#
# Only leaves can. A parent is refused with "Not allowed to set category
# <name> in article", which kills the deposit at create -- after the
# previous article has published, so a batch stops halfway.
#
# Generated from GET https://api.figshare.com/v2/categories, which is public
# and needs no token: a category is a parent if it appears as another
# category's parent_id. Regenerate when the vocabulary changes.
#
# 1967 leaves of 2180 categories.

23818
23821
23824
23827
23830
23833
23836
23839
23842
23845
23848
23854
23857
23860
23863
23866
23869
23872
23875
23878
23881
23884
23890
23893
23896
23899
23902
23905
23908
23911
23917
23920
23923
23926
23929
23932
23935
23938
23941
23944
23947
23950
23953
23956
23962
23965
23968
23971
23974
23977
23980
23986
23989
23992
23995
23998
24001
24004
24007
24013
24016
24019
24022
24025
24028
24031
24034
24037
24040
24043
24046
24049
24055
24058
24061
24064
24067
24070
24073
24079
24082
24085
24088
24091
24094
24097
24100
24103
24106
24109
24112
24115
24118
24121
24127
24136
24139
24142
24145
24148
24151
24154
24157
24160
24163
24166
24169
24172
24175
24178
24184
24187
24190
24193
24196
24199
24202
24205
24208
24214
24217
24220
24223
24226
24229
24232
24235
24238
24244
24247
24250
24253
24256
24259
24262
24265
24268
24271
24274
24277
24280
24286
24289
24292
24295
24298
24301
24304
24307
24310
24313
24316
24319
24325
24328
24331
24334
24337
24340
24343
24346
24352
24355
24358
24361
24364
24367
24370
24376
24379
24382
24385
24388
24391
24394
24400
24403
24406
24409
24412
24415
24418
24421
24424
24427
24430
24433
24436
24439
24442
24448
24451
24454
24463
24466
24469
24472
24478
24481
24484
24487
24490
24493
24496
24499
24502
24505
24508
24511
24514
24517
24520
24523
24526
24529
24532
24535
24538
24541
24544
24547
24550
24553
24556
24559
24565
24568
24571
24574
24577
24580
24583
24586
24589
24592
24595
24598
24601
24607
24610
24613
24616
24619
24622
24625
24628
24631
24634
24640
24643
24646
24649
24652
24655
24658
24661
24667
24670
24673
24676
24679
24682
24685
24691
24694
24697
24700
24703
24706
24712
24715
24718
24721
24727
24730
24733
24736
24739
24742
24745
24748
24754
24757
24760
24763
24766
24769
24772
24778
24781
24784
24787
24790
24793
24796
24799
24802
24805
24808
24811
24817
24820
24823
24826
24829
24835
24838
24841
24844
24850
24853
24856
24859
24862
24865
24868
24871
24877
24880
24883
24886
24892
24901
24904
24907
24910
24913
24916
24919
24922
24925
24928
24931
24937
24940
24943
24946
24949
24952
24955
24958
24964
24967
24970
24973
24976
24979
24982
24985
24988
24991
24994
24997
25000
25003
25006
25009
25012
25018
25021
25024
25027
25030
25033
25036
25039
25042
25045
25048
25051
25054
25057
25063
25072
25075
25078
25081
25084
25087
25090
25093
25096
25099
25105
25108
25111
25114
25117
25120
25123
25126
25129
25132
25135
25138
25144
25147
25150
25153
25156
25159
25162
25165
25168
25171
25177
25180
25183
25186
25189
25192
25195
25198
25204
25207
25210
25213
25216
25219
25225
25228
25231
25234
25237
25240
25243
25246
25249
25252
25258
25261
25264
25267
25270
25276
25279
25288
25291
25294
25297
25300
25303
25306
25309
25312
25318
25321
25324
25327
25330
25333
25336
25339
25342
25345
25351
25354
25357
25360
25363
25366
25369
25372
25378
25381
25384
25387
25390
25393
25399
25402
25405
25408
25411
25414
25417
25420
25426
25429
25432
25435
25438
25441
25444
25447
25450
25453
25456
25459
25462
25468
25471
25474
25477
25480
25483
25486
25489
25492
25495
25498
25501
25504
25507
25510
25513
25516
25519
25522
25528
25531
25534
25537
25540
25543
25546
25552
25555
25558
25561
25564
25567
25570
25573
25576
25579
25585
25594
25597
25600
25603
25606
25612
25615
25618
25621
25624
25627
25633
25636
25639
25642
25645
25648
25651
25657
25660
25663
25666
25672
25675
25678
25681
25684
25687
25690
25696
25699
25702
25705
25708
25714
25723
25726
25729
25732
25735
25738
25741
25744
25747
25750
25756
25759
25762
25765
25771
25774
25777
25780
25783
25789
25792
25795
25798
25804
25807
25810
25813
25816
25819
25822
25825
25828
25831
25834
25837
25840
25846
25849
25852
25855
25858
25861
25864
25867
25870
25873
25879
25882
25885
25888
25891
25894
25900
25903
25906
25909
25915
25918
25921
25924
25927
25930
25933
25939
25942
25951
25954
25957
25960
25963
25966
25969
25972
25975
25978
25981
25984
25987
25990
25993
25996
25999
26002
26005
26008
26014
26017
26020
26023
26026
26029
26035
26038
26041
26044
26047
26053
26056
26059
26062
26071
26074
26077
26080
26083
26086
26089
26092
26095
26098
26101
26104
26107
26110
26113
26116
26122
26125
26128
26131
26137
26140
26143
26146
26149
26152
26155
26158
26161
26167
26170
26173
26176
26179
26182
26185
26188
26191
26194
26197
26200
26203
26209
26218
26221
26224
26227
26230
26233
26236
26239
26245
26248
26251
26254
26257
26260
26266
26269
26272
26275
26278
26281
26284
26287
26290
26293
26296
26299
26305
26308
26311
26314
26317
26320
26323
26326
26329
26332
26335
26338
26344
26347
26350
26353
26356
26359
26362
26365
26368
26371
26374
26377
26380
26383
26389
26392
26395
26398
26401
26404
26407
26410
26413
26419
26422
26425
26428
26431
26434
26437
26440
26443
26446
26449
26452
26458
26461
26464
26467
26470
26473
26476
26479
26482
26488
26491
26494
26497
26500
26503
26506
26509
26512
26515
26518
26521
26524
26527
26533
26536
26539
26542
26545
26548
26551
26557
26560
26563
26566
26569
26572
26575
26581
26584
26587
26590
26593
26596
26599
26602
26605
26608
26611
26614
26617
26620
26626
26629
26632
26635
26638
26641
26644
26650
26653
26656
26659
26662
26665
26668
26671
26674
26677
26680
26683
26686
26689
26695
26698
26701
26704
26707
26710
26716
26719
26722
26725
26728
26731
26734
26737
26740
26743
26746
26749
26755
26758
26761
26764
26767
26770
26773
26776
26779
26785
26788
26791
26794
26797
26800
26803
26806
26809
26812
26815
26821
26824
26827
26830
26833
26836
26839
26842
26845
26851
26854
26857
26860
26869
26872
26875
26878
26884
26887
26890
26893
26896
26899
26902
26908
26911
26914
26917
26920
26923
26926
26932
26935
26938
26941
26944
26947
26950
26953
26959
26962
26965
26968
26971
26977
26980
26983
26986
26989
26992
26998
27007
27010
27013
27016
27019
27022
27025
27028
27031
27034
27037
27043
27046
27049
27052
27055
27058
27061
27064
27067
27070
27073
27079
27082
27085
27088
27091
27094
27097
27100
27103
27106
27109
27112
27115
27118
27121
27124
27127
27130
27133
27136
27139
27142
27148
27151
27154
27157
27163
27166
27169
27172
27175
27178
27181
27187
27190
27193
27196
27199
27202
27205
27211
27214
27217
27220
27226
27229
27232
27235
27241
27250
27253
27256
27259
27262
27265
27268
27271
27274
27280
27283
27286
27289
27292
27295
27298
27301
27304
27307
27313
27316
27319
27322
27325
27328
27331
27334
27337
27340
27343
27346
27349
27352
27355
27358
27361
27364
27367
27370
27373
27376
27379
27382
27388
27397
27400
27403
27406
27409
27412
27415
27418
27424
27427
27430
27433
27436
27439
27442
27445
27448
27451
27454
27457
27460
27463
27466
27469
27472
27475
27478
27481
27487
27490
27493
27496
27499
27502
27508
27511
27514
27517
27520
27523
27526
27529
27532
27538
27541
27544
27547
27550
27553
27556
27559
27562
27565
27571
27574
27577
27580
27583
27586
27589
27592
27595
27598
27601
27604
27607
27613
27616
27619
27622
27625
27628
27631
27634
27637
27640
27643
27646
27649
27652
27655
27661
27664
27667
27670
27673
27676
27679
27682
27685
27688
27691
27694
27700
27703
27706
27709
27715
27718
27721
27724
27727
27730
27733
27736
27739
27742
27745
27748
27751
27754
27757
27760
27763
27769
27772
27781
27784
27787
27790
27793
27796
27799
27802
27805
27808
27811
27814
27817
27820
27823
27826
27829
27832
27835
27841
27844
27847
27850
27853
27856
27859
27862
27865
27868
27871
27874
27877
27880
27886
27889
27892
27895
27898
27901
27904
27907
27913
27916
27919
27922
27925
27928
27931
27934
27937
27940
27943
27946
27949
27952
27955
27958
27961
27964
27967
27970
27973
27976
27979
27982
27988
27991
27994
27997
28000
28003
28006
28009
28012
28015
28018
28021
28024
28027
28030
28033
28036
28039
28042
28045
28048
28051
28054
28057
28060
28063
28066
28069
28075
28078
28081
28084
28087
28090
28093
28096
28099
28102
28108
28111
28114
28117
28120
28123
28126
28129
28132
28135
28138
28141
28144
28147
28150
28153
28156
28159
28162
28165
28168
28171
28177
28180
28183
28186
28189
28192
28195
28198
28201
28204
28207
28210
28216
28219
28222
28225
28228
28231
28234
28237
28243
28246
28249
28252
28255
28258
28261
28264
28267
28270
28273
28276
28279
28282
28285
28288
28291
28294
28297
28300
28303
28306
28312
28315
28318
28321
28324
28327
28330
28333
28336
28339
28342
28345
28348
28351
28354
28357
28360
28363
28366
28369
28372
28375
28378
28381
28384
28387
28390
28393
28396
28399
28402
28405
28411
28414
28417
28420
28423
28426
28429
28432
28435
28438
28441
28444
28450
28453
28456
28459
28462
28465
28468
28471
28474
28477
28480
28483
28486
28489
28492
28495
28498
28501
28504
28507
28513
28516
28519
28522
28525
28528
28531
28534
28537
28540
28543
28546
28549
28552
28558
28561
28564
28567
28570
28573
28576
28579
28585
28588
28591
28594
28597
28600
28603
28606
28609
28612
28615
28618
28621
28624
28627
28630
28633
28636
28639
28642
28645
28651
28654
28657
28660
28663
28666
28669
28672
28675
28678
28684
28687
28690
28693
28696
28699
28702
28705
28708
28711
28714
28717
28720
28723
28726
28729
28732
28735
28738
28741
28744
28747
28750
28753
28756
28759
28762
28768
28771
28774
28777
28780
28783
28786
28789
28795
28804
28807
28810
28813
28816
28819
28822
28828
28831
28834
28837
28840
28843
28846
28849
28852
28855
28858
28861
28864
28870
28873
28876
28879
28882
28885
28888
28891
28894
28897
28903
28906
28909
28912
28915
28918
28921
28924
28930
28933
28936
28939
28942
28945
28948
28951
28954
28957
28960
28963
28969
28972
28975
28978
28981
28984
28987
28990
28993
28996
28999
29002
29005
29011
29014
29017
29020
29023
29026
29029
29032
29035
29041
29044
29047
29050
29053
29056
29059
29062
29065
29068
29071
29077
29080
29083
29086
29089
29092
29095
29098
29101
29104
29107
29110
29113
29119
29122
29125
29128
29131
29134
29137
29140
29143
29146
29149
29155
29158
29161
29164
29167
29170
29173
29179
29182
29185
29188
29191
29194
29197
29200
29203
29209
29212
29215
29218
29221
29224
29227
29230
29236
29245
29248
29251
29254
29257
29260
29263
29266
29269
29275
29278
29281
29284
29287
29290
29293
29296
29299
29302
29305
29308
29311
29314
29317
29323
29326
29329
29332
29335
29338
29341
29344
29347
29350
29353
29356
29359
29362
29365
29368
29371
29374
29377
29380
29383
29386
29392
29395
29398
29401
29404
29407
29410
29413
29416
29419
29422
29425
29431
29434
29437
29440
29443
29446
29449
29452
29455
29458
29461
29464
29467
29470
29473
29476
29479
29482
29485
29488
29491
29494
29497
29500
29503
29506
29509
29512
29515
29518
29521
29524
29530
29539
29542
29545
29548
29551
29554
29557
29563
29566
29569
29572
29575
29581
29584
29587
29590
29593
29596
29599
29602
29605
29608
29611
29614
29620
29623
29626
29629
29632
29635
29638
29641
29644
29647
29650
29653
29656
29659
29662
29668
29671
29674
29677
29680
29683
29686
29689
29695
29698
29701
29704
29707
29710
29716
29719
29722
29725
29728
29731
29734
29737
29743
29752
29755
29758
29761
29764
29767
29770
29773
29776
29779
29785
29788
29791
29794
29797
29800
29803
29809
29812
29815
29818
29821
29827
29830
29833
29836
29839
29842
29845
29848
29851
29854
29857
29860
29863
29869
29872
29875
29878
29881
29884
29887
29890
29893
29896
29899
29902
29908
29917
29920
29923
29926
29929
29932
29935
29938
29944
29947
29950
29953
29956
29959
29962
29965
29968
29974
29977
29980
29983
29986
29989
29992
29995
29998
30001
30004
30007
30010
30013
30016
30019
30022
30025
30028
30031
30034
30037
30043
30046
30049
30052
30055
30058
30061
30064
30070
30073
30079
30088
30091
30094
30097
30100
30103
30106
30109
30112
30115
30121
30124
30127
30130
30133
30136
30142
30145
30148
30151
30154
30160
30163
30166
30169
30172
30175
30178
30181
30187
30190
30193
30199
30202
30205
30211
30214
30217
30220
30226
30229
30232
30235
30238
30241
30247
30250
30253
30256
30259
30262
30265
30271
30274
30277
30280
30286
30289
30298
30301
30304
30307
30310
30313
30316
30319
30322
30328
30331
30334
30337
30340
30343
30346
30349
30355
30358
30361
30364
30367
30373
30376
30379
30382
30385
30388
30391
30397
30400
30403
30406
30409
30412
30418
